许广波 10 10 10101 1 0 0 0 0 0 0 
李奎进 20 10 10202 0 1 0 0 0 0 0 
范瑞芝 30 10 10303 0 0 1 0 0 0 0 
庄建梅 40 10 10404 0 0 0 1 0 0 0 
王俊生 30 10 10305 0 0 0 0 1 0 0 
刘兆岗 10 20 20101 1 0 0 0 0 0 0 
王芳 20 20 20202 0 1 0 0 0 0 0 
高仕仁 30 20 20303 0 0 1 0 0 0 0 
王修仁 40 20 20404 0 0 0 1 0 0 0 
杨茂坤 40 20 20405 0 0 0 0 1 0 0 
王欣 10 30 30101 1 0 0 0 0 0 0 
王林卫 20 30 30202 0 1 0 0 0 0 0 
赵月旬 30 30 30303 0 0 1 0 0 0 0 
赵俊卫 30 30 30304 0 0 0 1 0 0 0 
刘相才 40 30 30405 0 0 0 1 0 0 0 
张顺谷 10 40 40101 0 1 0 0 0 0 1 
王好隐 20 40 40202 1 0 1 0 1 0 0 
李彩早 30 40 40303 1 1 0 0 0 0 0 
严艺花 30 40 40304 0 0 1 0 0 0 1 
贺毅 40 40 40405 0 0 1 0 0 0 0 
何刚明 10 50 50101 1 0 0 0 1 0 0 
莫丽恩 20 50 50202 0 1 0 1 0 0 1 
张怀森 30 50 50303 0 1 1 0 0 0 1 
陆从风 40 50 50404 0 0 0 0 1 0 0 
岳列洋 40 50 50405 0 0 1 0 0 0 0 
文壮祥 10 60 60101 0 1 0 1 0 0 0 
云杰荣 20 60 60202 1 0 0 0 0 0 0 
王成文 30 60 60303 0 0 1 0 1 0 0 
严艺花 40 60 60404 1 0 0 0 0 1 0 
龚培义 30 60 60305 0 0 1 0 0 0 1 
