许广波 10 10 10101 1 0 0 0 0 0 0 孙波男 49 220226197108034115 1 202006211531101011 1 2 口腔内检 60.299999 丁香油酚 25.900000 2 派丽奥 49.799999 1 0 2020 6 21 15 31 2020 6 21 15 31 0.000000 2020 6 21 15 31 202006211531101011
李奎进 20 10 10202 0 1 0 0 0 0 0 包志刚 45 379014197507019715 1 202003220930102021 1 1 口腔内检 60.299999 酚克除 80.000000 1 0 2020 3 22 9 30 2020 3 22 9 30 0.000000 2020 3 22 9 30 202003220930102021
李奎进 20 10 10202 0 1 0 0 0 0 0 孙波男 49 220226197108034115 1 202006271446101011 1 0 口腔内检 60.299999 0 2020 6 27 14 46 2020 6 27 14 46 0.000000 2020 6 27 14 46 202006271446101011
范瑞芝 30 10 10303 0 0 1 0 0 0 0 孙连花 49 22022619710205414X 1 202005231103103031 1 2 口腔内检 60.299999 丁香油酚 25.900000 2 派丽奥 49.799999 1 0 2020 5 23 11 3 2020 5 23 11 3 0.000000 2020 5 23 11 3 202005231103103031
庄建梅 40 10 10404 0 0 0 1 0 0 0 蒋燕 44 370283197602066427 1 202005241640104041 1 1 口腔内检 60.299999 丁香油酚 25.900000 2 0 2020 5 24 16 40 2020 5 24 16 40 0.000000 2020 5 24 16 40 202005241640104041
王俊生 30 10 10305 0 0 0 0 1 0 0 刘承桥 45 220283197508245015 1 202007251515103051 1 0 口腔内检 60.299999 0 2020 7 25 15 15 2020 7 25 15 15 0.000000 2020 7 25 15 15 220283197508245015
王俊生 30 10 10305 0 0 0 0 1 0 0 刘承桥 45 220283197508245015 1 202008010951103051 1 2 口腔内检 60.299999 丁香油酚 25.900000 2 派丽奥 49.799999 1 0 2020 8 1 9 51 2020 8 1 9 51 0.000000 2020 8 1 9 51 202008010951103051
庄建梅 40 10 10404 0 0 0 1 0 0 0 柳香芹 49 231084197111103000 1 202007211111104041 1 1 口腔内检 60.299999 酚克除 80.000000 1 0 2020 7 21 11 11 2020 7 21 11 11 0.000000 2020 7 21 11 11 202007211111104041
庄建梅 40 10 10404 0 0 0 1 0 0 0 代志鹏 49 220283197109237512 1 202001111113104041 1 2 口腔内检 60.299999 丁香油酚 25.900000 2 派丽奥 49.799999 1 0 2020 1 11 11 13 2020 1 11 11 13 0.000000 2020 1 11 11 13 202001111113104041
范瑞芝 30 10 10303 0 0 1 0 0 0 0 黄冬梅 50 220226197002091023 1 202006231620103031 1 2 口腔内检 60.299999 碘仿 15.300000 1 双氧水 6.800000 1 0 2020 6 23 16 20 2020 6 23 16 20 0.000000 2020 6 23 16 20 202006231620103031
刘兆岗 10 20 20101 1 0 0 0 0 0 0 邹洪贤 12 220226196611226419 1 202005231613201011 2 1 血常规 20.799999 尿常规 34.299999 甘露醇 19.900000 1 1 2020 5 23 16 13 2020 6 1 15 30 1000.000000 2020 5 23 16 13 202005231613201011
王芳 20 20 20202 0 1 0 0 0 0 0 柳彩霞 9 370283197807194748 1 202004121212202021 1 1 血常规 20.799999 特布他林 102.000000 1 0 2020 4 12 12 12 2020 4 12 12 12 0.000000 2020 4 12 12 12 202004121212202021
王芳 20 20 20202 0 1 0 0 0 0 0 陈岩 10 379014197305089141 1 202005231521202021 1 1 大便常规 13.700000 硫酸镁 15.500000 2 1 2020 5 23 15 21 2020 5 27 14 50 1000.000000 2020 5 23 15 21 202005231521202021
高仕仁 30 20 20303 0 0 1 0 0 0 0 陈芳 13 370226197011261549 1 202006271541203031 1 2 尿常规 34.299999 氨溴索 10.800000 1 氨茶碱 9.800000 1 1 2020 6 27 15 41 2020 7 15 7 30 1000.000000 2020 6 27 15 41 202006271541203031
高仕仁 30 20 20303 0 0 1 0 0 0 0 陈芳 13 370226197011261549 1 202006301359203031 1 0 尿常规 34.299999 0 2020 6 30 13 59 2020 6 30 13 59 0.000000 2020 6 30 13 59 202006301359203031
高仕仁 30 20 20303 0 0 1 0 0 0 0 杨典杰 11 379014197509185610 1 202007211220203031 1 1 大便常规 13.700000 甘露醇 19.900000 2 1 2020 7 21 12 20 2020 8 3 6 41 1000.000000 2020 7 21 12 20 202007211220203031
王修仁 40 20 20404 0 0 0 1 0 0 0 赵咏梅 10 370226197110019547 1 202009301701204041 1 2 尿常规 34.299999 氨溴索 10.800000 1 氨茶碱 9.800000 1 1 2020 9 30 17 1 2020 10 16 8 41 1000.000000 2020 9 30 17 1 202009301701204041
王修仁 40 20 20404 0 0 0 1 0 0 0 姜言春 9 370226196812034712 1 202005311642204041 1 1 血常规 34.299999 特布他林 102.000000 1 0 2020 5 31 16 42 2020 5 31 16 42 0.000000 2020 5 31 16 42 202005311642204041
杨茂坤 40 20 20405 0 0 0 0 1 0 0 张剑杰 8 370226197111117368 1 202009281101204051 1 3 血常规 34.299999 特布他林 102.000000 1 甘露醇 19.900000 2 硫酸镁 15.500000 2 1 2020 9 28 11 1 2020 10 15 9 30 1000.000000 2020 9 28 11 1 202009281101204051
杨茂坤 40 20 20405 0 0 0 0 1 0 0 张剑杰 8 370226197111117368 1 202008311430204051 1 2 大便常规 13.700000 特布他林 102.000000 1 甘露醇 19.900000 1 0 2020 8 31 14 30 2020 8 31 14 30 0.000000 2020 8 31 14 30 202008311430204051
王欣 10 30 30101 1 0 0 0 0 0 0 陶胜貌 50 370226197010184313 1 202009291120301011 1 2 验血 103.599998 苯海拉明 60.000000 1 塞庚啶 12.000000 1 1 2020 9 29 11 20 2020 10 17 9 30 1000.000000 2020 9 29 11 20 202009291120301011
王林卫 20 30 30202 0 1 0 0 0 0 0 秦翠兰 50 370727197009154545 1 202008211120302021 1 1 皮肤超声 120.000000 特非那丁 16.100000 3 0 2020 8 21 11 20 2020 8 21 11 20 0.000000 2020 8 21 11 20 202008211120302021
王林卫 20 30 30202 0 1 0 0 0 0 0 秦翠兰 50 370727197009154545 1 202008250931302021 1 1 皮肤超声 120.000000 特非那丁 16.100000 2 0 2020 8 25 9 31 2020 8 25 9 31 0.000000 2020 8 25 9 31 202008250931302021
赵月旬 30 30 30303 0 0 1 0 0 0 0 王云松 45 379014197501224355 1 202009281530303031 1 2 皮肤超声 120.000000 特非那丁 16.100000 0 特非那丁 16.100000 2 1 2020 9 28 15 30 2020 10 14 9 30 1000.000000 2020 9 28 15 30 202009281530303031
赵月旬 30 30 30303 0 0 1 0 0 0 0 徐兴花 46 372826197409017022 1 202008311451303031 1 1 皮肤超声 120.000000 特非那丁 16.100000 3 0 2020 8 31 14 51 2020 9 2 7 51 0.000000 2020 8 31 14 51 202008311451303031
赵俊卫 30 30 30304 0 0 0 1 0 0 0 陶成华 50 370283197005174331 1 202007311450303041 1 2 验血 103.599998 苯海拉明 60.000000 1 塞庚啶 12.000000 2 1 2020 7 31 14 50 2020 8 7 6 30 1000.000000 2020 7 31 14 50 202007311450303041
赵俊卫 30 30 30304 0 0 0 1 0 0 0 王家英 50 37282619750921252x 1 202009301110303041 1 1 验血 103.599998 塞庚啶 12.000000 2 0 2020 9 30 11 10 2020 9 30 11 10 0.000000 2020 9 30 11 10 202009301110303041
刘相才 40 30 30405 0 0 0 1 0 0 0 陈忠鑫 44 370283197603124334 1 202008301546304051 1 2 皮肤超声 120.000000 特非那丁 16.100000 0 特非那丁 16.100000 2 1 2020 8 30 15 46 2020 9 7 6 30 1000.000000 2020 8 30 15 46 202008301546304051
刘相才 40 30 30405 0 0 0 0 1 0 0 陈忠鑫 44 370283197603124334 1 202009290946304051 1 1 验血 103.599998 地塞米松 18.900000 1 0 2020 9 29 9 46 2020 9 29 9 46 0.000000 2020 9 29 9 46 202009290946304051
刘相才 40 30 30405 0 0 0 0 1 0 0 蔡艳如 41 152322197912280748 1 202009281530304051 1 2 验血 103.599998 地塞米松 18.900000 1 塞庚啶 12.000000 2 1 2020 9 28 15 30 2020 10 15 9 30 1000.000000 2020 9 28 15 30 202009281530304051
张顺谷 10 40 40101 0 1 0 0 0 0 1 唐世清 58 150428199106158730 1 202002131622401011 1 1 心电图 36 益萨林 17 1 1 2020 2 13 16 22 2020 2 18 8 10 1000 2020 11 28 12 3 202011281203401011 
张顺谷 10 40 40101 0 1 0 0 0 0 1 刘玉 26 240421199401309347 1 202010111710401012 2 1 血常规 43.6 X光摄影 55 舒他西林 42.7 1 0 2020 10 11 17 10 2020 10 11 17 10 0 2020 11 25 11 3 202011251103401012 
王好隐 20 40 40202 1 0 1 0 1 0 0 吴传义 45 150203197103068711 1 201904011004402021 2 2 血常规 43.6 心电图 36 头孢曲松 44.3 2 威奇达 2.9 1 0 2019 4 1 10 4 2019 4 1 10 4 0 2019 12 28 12 3 201912281203402021 
王好隐 20 40 40202 1 0 1 0 1 0 0 林笔力 56 211011199803054513 1 202004031112402022 1 1 血常规 43.6 威奇达 2.9 2 1 2020 4 3 11 12 2020 4 7 8 4 1000 2020 10 28 12 3 202010281203402022
王好隐 20 40 40202 1 0 1 0 1 0 0 王佑 64 410422197210160615 1 201904051203402023 1 2 心电图 36 舒他西林 42.7 益萨林 17 2 1 2019 4 5 12 3 2019 4 12 12 0 1400 2019 12 29 6 54 201912290654402023
李彩早 30 40 40303 1 1 0 0 0 0 0 顾俊彤 35 240756195912063841 1 202004051209403031 1 2 X光摄影 55 舒他西林 42.7 2 威奇达 2.9 1 0 2020 4 5 12 9 2020 4 5 12 9 0 2020 9 8 11 5 202009081105403031
李彩早 30 40 40303 1 1 0 0 0 0 0 严峻 40 231784196705069813 1 201904061512403032 2 2 X光摄影 55 心电图 36 益萨林 17 1 头孢曲松 44.3 2 0 2019 4 6 15 12 2019 4 6 15 12 0 2019 9 8 12 5 201909081205403032
严艺花 30 40 40304 0 0 1 0 0 0 1 樊易可 35 341024198612188689 1 202010110812403041 1 1 心电图 36 威奇达 2.9 2 1 2020 10 11 8 12 2020 10 18 8 1 1400 2020 10 17 2 36 202010170236403041
严艺花 30 40 40304 0 0 1 0 0 0 1 张怀森 30 341024199112083911 1 202010151001403042 2 1 血常规 43.6 心电图 36 复方利血平片 28.4 2 1 2020 10 15 10 1 2020 10 20 10 11 1000 2020 10 20 16 55 202010201655403042
贺毅 40 40 40405 0 0 1 0 0 0 0 金怡君 43 350312199111307003 1 201906121456404051 1 2 X光摄影 55 益萨林 17 1 威奇达 2.9 3 0 2019 6 12 14 56 2019 6 12 14 56 0 2019 9 15 12 0 201909151200404051
何刚明 10 50 50101 1 0 0 0 1 0 0 王佑 64 410422197210160615 1 202006141315501011 1 1 彩超 145.4 硝苯地平 63 1 0 2020 6 14 13 15 2020 6 14 13 15 0 2020 9 10 13 24 202009101324501011
何刚明 10 50 50101 1 0 0 0 1 0 0 华道兰 35 450621197604214585 1 202006180915501012 2 1 彩超 145.4 胃镜 321 地高辛 8.05 3 1 2020 6 18 9 15 2020 6 25 8 16 1400 2020 9 18 12 36 202009181236501012
莫丽恩 20 50 50202 0 1 0 1 0 0 1 袁当意 25 431085198812019153 1 201906250845502021 1 2 胃镜 321 吗丁啉 19.37 1 胃复安 12.7 4 1 2019 6 25 8 45 2019 6 30 8 20 1000 2019 9 20 15 48 201909201548502021
莫丽恩 20 50 50202 0 1 0 1 0 0 1 孙银 30 621123195602012812 1 202006270659502022 1 3 彩超 145.4 卡托普利 9.5 2 地高辛 8.05 2 吗丁啉 19.37 1 0 2020 6 27 6 59 2020 6 27 6 59 0 2020 9 21 16 11 202009211611502022
莫丽恩 20 50 50202 0 1 0 1 0 0 1 何世芳 52 450727198512152620 1 202010120954502023 1 1 胃镜 321 吗丁啉 19.37 1 1 2020 10 12 9 54 2020 10 17 9 54 1000 2020 10 12 7 25 20201027072550203
张怀森 30 50 50303 0 1 1 0 0 0 1 顾俊彤 35 240756195912063841 1 201908150916503031 2 1 彩超 145.4 胃镜 321 卡托普利 9.5 3 0 2019 8 15 9 16 2019 8 15 9 16 0 2019 9 30 18 9 201909301809503031 
张怀森 30 50 50303 0 1 1 0 0 0 1 康燕 60 620195195404071224 1 201908201123503033 1 1 彩超 145.4 吗丁啉 19.37 1 1 2019 8 20 11 23 2019 8 29 11 20 1800 2019 12 25 19 36 201912251936503033
陆从风 40 50 50404 0 0 0 0 1 0 0 龙巧盼 48 564182198005151585 1 201909151817504041 1 2 胃镜 321 硝苯地平 63 1 吗丁啉 19.37 1 0 2019 9 15 18 17 2019 9 15 18 17 0 2019 12 31 18 56 201912311856504041
岳列洋 40 50 50405 0 0 1 0 0 0 0 文法 56 601256195812043319 1 202008161546504051 2 3 彩超 145.4 胃镜 321 卡托普利 9.5 1 地高辛 8.05 2 吗丁啉 19.37 2 0 2020 8 16 15 46 2020 8 16 15 46 0 2020 10 1 13 41 202010011341504051
文壮祥 10 60 60101 0 1 0 1 0 0 0 关麦阳 58 566198195601063215 1 201911250948601011 2 2 眼眶CT平扫 405 屈光度检查 63.8 氧氟沙星 22.1 2 庆大霉素 15.2 2 0 2019 11 25 9 48 2019 11 25 9 48 0 2020 9 6 14 35 202009061435601011
文壮祥 10 60 60101 0 1 0 1 0 0 0 顾俊彤 35 240756195912063841 1 201912271026601012 1 1 角膜地形图 80 派立明 86 1 1 2019 12 27 10 26 2020 1 2 8 45 1200 2020 9 18 6 43 202009180643601012
文壮祥 10 60 60101 0 1 0 1 0 0 0 唐雪珍 53 602422197210160685 1 202010072015601013 1 2 眼眶CT平扫 405 氧氟沙星 22.1 1 思利巴 41.5 1 1 2020 10 7 20 15 2020 10 12 8 23 1000 2020 10 15 3 40 202010150340601013
云杰荣 20 60 60202 1 0 0 0 0 0 0 李莎 46 621587196311084461 1 202004051236602021 1 1 屈光度检查 63.8 思利巴 41.5 2 0 2020 4 5 12 36 2020 4 5 12 36 0 2020 9 20 3 27 202009200327602021
王成文 30 60 60303 0 0 1 0 1 0 0 效应兰 34 350430197904070848 1 202005111522603031 2 1 眼眶CT平扫 405 角膜地形图 80 托百士 23.5 2 0 2020 5 11 15 22 2020 5 11 15 22 0 2020 9 28 6 58 202009280658603031
王成文 30 60 60303 0 0 1 0 1 0 0 潘平志 45 460106198606272358 1 202007201545603032 1 1 角膜地形图 80 氧氟沙星 22.1 2 0 2020 7 20 15 45 2020 7 20 15 45 0 2020 9 28 18 5 202009281805603032
严艺花 40 60 60404 1 0 0 0 0 1 0 白一峰 41 450827198210215434 1 202008310938604041 1 2 屈光度检查 63.8 庆大霉素 15.2 2 托百士 23.5 1 1 2020 8 31 9 38 2020 9 5 8 45 1000 2020 9 29 5 56 202009290556604041
严艺花 40 60 60404 1 0 0 0 0 1 0 凌月清 36 460421199308106828 1 202009051021604042 1 1 眼眶CT平扫 405 氧氟沙星 22.1 1 0 2020 9 5 10 21 2020 9 5 10 21 0 2020 9 30 6 40 202009300640604042
龚培义 30 60 60305 0 0 1 0 0 0 1 庄淮 48 500366195602041254 1 202009300748603051 2 1 角膜地形图 80 屈光度检查 63.8 思利巴 41.5 1 0 2020 9 30 7 48 2020 9 30 7 48 0 2020 10 2 9 36 202010020936603051
龚培义 30 60 60305 0 0 1 0 0 0 1 王子敬 44 620158198603092131 1 202010141250603052 1 2 屈光度检查 63.8 庆大霉素 15.2 1 托百士 23.5 2 1 2020 10 14 12 50 2020 10 19 8 14 1000 2020 10 15 16 0 202010151600603052